0.01161685,0.04507733,0.09063372,0.00804181,0.11465107,0.,0.11368642,0.01606032,0.10147011,0.,0.12082025,0.00260569,0.27357318,0.07173759,0.8447759,0.08590054,0.,0.03741654,0.01133648,0.11154942
0.43687069,0.,0.04346205,0.3439144,0.,0.00779181,0.13340495,0.08876067,0.28756441,0.13324809,0.13415891,0.33931215,0.4186,0.11897957,0.20945861,0.10522734,0.381285,0.00734473,0.04299322,0.02641514
0.3077304,0.00442232,0.08612215,0.5343186,0.16164739,0.15951071,0.4544276,0.03910276,0.03701228,0.0949102,0.05582678,0.45713352,0.08022222,0.01643384,0.06961523,0.02323921,0.0918238,0.02553497,0.04006743,0.01467231
0.1930864,0.09020226,0.29143543,0.16591038,0.00481152,0.10926417,0.00524,0.0220016,0.17565659,0.,0.30896974,0.24360038,0.44254874,0.02023155,0.83126951,0.05835713,0.00539335,0.05017786,0.12495677,0.16453345
0.3359188,0.02197106,0.,0.04920349,0.48920336,0.05463287,0.00054793,0.,0.11530578,0.,0.10388416,0.09316906,0.31453354,0.0203545,0.09696216,0.29903454,0.,0.34180391,0.23500216,0.,
0.31945715,0.01282774,0.31919244,0.15331008,0.96931456,0.57429796,0.05014314,0.06001508,0.20890209,0.0666698,0.0245907,0.07507087,0.26815615,0.81408002,0.01961033,0.07375039,0.01239885,0.1188372,0.6334639,0.13394772
0.07018489,0.01426366,0.09044895,0.09397738,0.19248585,0.879135,0.09944782,0.01634791,0.14905807,0.17805763,0.12399616,0.0166815,0.02857296,0.12087584,0.03758662,0.12594338,0.02132509,0.10877203,0.00985757,0.16423647
0.27076084,0.08679226,0.23261797,0.15899729,0.03360821,0.60222078,0.14905824,0.21861624,0.0709174,0.08314843,0.01471415,0.58603628,0.,0.72725405,0.02982041,0.06334032,0.33366666,0.07905606,0.22895625,0.16003434
0.02835811,0.,0.12531334,0.09715325,0.43349289,0.,0.04360256,0.,0.31923825,0.3442066,0.,0.04077867,0.,0.427505,0.15035917,0.,0.31524842,0.1077887,0.17650104,0.,
0.08885774,0.01916784,0.06357529,0.04177567,0.03308709,0.,0.00061721,0.0268354,0.16791381,0.,0.60734453,0.08260592,0.1298067,0.31466095,0.01182983,0.,0.29708924,0.07307978,0.01906862,0.01980021
