0.01740196,0.09637962,0.20345852,0.28872785,0.42761345,0.19729961,0.37606326,0.05101974,0.45864517,0.08259568,0.23166465,0.01474273,0.36805376,0.18088955,0.86267493,0.43420098,0.05111925,0.18740699,0.29397881,0.3890478,
0.71952425,0.16958741,0.15320006,0.43053183,0.,0.41491672,0.34666705,0.15632271,0.34596389,0.21449302,0.15838871,0.38364267,0.44400614,0.51307331,0.8591366,0.17442192,0.9218368,0.23248358,0.32193807,0.29364826
0.31805016,0.18524514,0.2368699,0.95567409,0.98015199,0.99423707,0.49529365,0.31025632,0.1005627,0.22183275,0.09888159,0.93109378,0.98627077,0.16953847,0.12636274,0.11086464,0.42039632,0.14269713,0.1413463,0.21870154
0.2362005,0.19017987,0.29158904,0.22321809,0.1411296,0.23419171,0.07924938,0.04930747,0.37645863,0.15994441,0.39659825,0.2496606,0.45996138,0.28649746,0.85150494,0.4277491,0.40244029,0.35639898,0.2309106,0.74276551
0.37197397,1.11995722,0.11640546,0.18548539,1.49284138,0.23412317,0.46685194,0.02111967,0.41976775,0.0065026,0.21648313,0.23045149,1.14078029,0.57981825,0.85102146,0.44218652,0.08337399,0.47596998,0.43585393,0.51160992
0.38700703,0.11620907,0.36809796,0.35270569,0.98442487,0.93318999,0.14826198,0.24455034,0.27439958,0.35001249,0.05700269,0.07534932,0.61595867,0.86051467,0.44708845,0.22642234,0.13812333,0.13043966,0.78914348,0.18634964
0.21862709,0.02005047,0.09241488,0.10596762,0.25439877,0.91667489,0.22647131,0.09186688,0.19349298,0.30369162,0.18623574,0.8766861,0.12733891,0.95769634,0.34041744,0.18300656,0.10375917,0.3320592,0.06951427,0.19254989
0.34613488,0.4007638,0.27917098,0.25750028,0.44675181,0.76461636,0.40001636,0.76461636,0.12772914,0.13346641,0.17616044,0.74178847,0.67299119,0.81930522,0.06400586,0.35800196,0.50609695,0.23995936,0.29183647,0.21914494
0.36872192,0.68819152,1.00375822,0.24003656,0.43674919,0.20046365,0.32423678,1.61321332,0.48723039,0.46062729,0.11294304,0.46072664,0.34074243,0.67389687,0.85637296,0.55601569,0.31863925,0.23469042,0.2063808,0.24283058
0.51204693,0.96720966,0.79971027,0.12738276,0.31316849,0.03138,0.09263134,0.94790309,0.56531074,0.0368888,0.61688354,0.80797176,0.5212069,0.8479162,0.168862,0.32518372,1.10208599,0.2090532,0.17650316,0.03264475
